./read_bin_bhdisk -2.5600000000000000e+02 -1.0239999999999995e+01 -1.0239999999999995e+01 2.5600000000000001e+00 2.5600000000000001e+00 2.5600000000000001e+00 54 59 59 -704572337  
./read_bin_bhdisk -1.4847999999999999e+02 -5.1199999999999948e+00 -5.1199999999999948e+00 1.2800000000000000e+00 1.2800000000000000e+00 1.2800000000000000e+00 64 65 65 1422805558  
./read_bin_bhdisk -7.4239999999999995e+01 -2.5599999999999947e+00 -2.5599999999999947e+00 6.4000000000000001e-01 6.4000000000000001e-01 6.4000000000000001e-01 64 65 65 454508180  
./read_bin_bhdisk -3.7119999999999997e+01 -1.2799999999999947e+00 -1.2799999999999947e+00 3.2000000000000001e-01 3.2000000000000001e-01 3.2000000000000001e-01 64 65 65 187417564  
./read_bin_bhdisk -1.8559999999999995e+01 -6.3999999999999468e-01 -6.3999999999999468e-01 1.6000000000000000e-01 1.6000000000000000e-01 1.6000000000000000e-01 64 65 65 108136771  
./read_bin_bhdisk -9.2799999999999940e+00 -3.1999999999999468e-01 -3.1999999999999468e-01 8.0000000000000002e-02 8.0000000000000002e-02 8.0000000000000002e-02 64 65 65 82062506  
./read_bin_bhdisk -4.6399999999999944e+00 -1.5999999999999467e-01 -1.5999999999999467e-01 4.0000000000000001e-02 4.0000000000000001e-02 4.0000000000000001e-02 64 65 65 72416906  
./read_bin_bhdisk -1.3199999999999947e+00 -7.9999999999994673e-02 -7.9999999999994673e-02 2.0000000000000000e-02 2.0000000000000000e-02 2.0000000000000000e-02 39 40 40 42713631  
./read_bin_bhdisk -6.5999999999999470e-01 -3.9999999999994672e-02 -3.9999999999994672e-02 1.0000000000000000e-02 1.0000000000000000e-02 1.0000000000000000e-02 39 40 40 41348567  
./read_bin_bhdisk -2.5600000000000000e+02 -1.0239999999999995e+01 1.2032000000000001e+02 2.5600000000000001e+00 2.5600000000000001e+00 2.5600000000000001e+00 54 59 54 241800926  
./read_bin_bhdisk -1.4847999999999999e+02 -5.1199999999999948e+00 6.7840000000000003e+01 1.2800000000000000e+00 1.2800000000000000e+00 1.2800000000000000e+00 64 65 64 1752523950  
./read_bin_bhdisk -7.4239999999999995e+01 -2.5599999999999947e+00 3.3920000000000009e+01 6.4000000000000001e-01 6.4000000000000001e-01 6.4000000000000001e-01 64 65 64 536385396  
./read_bin_bhdisk -3.7119999999999997e+01 -1.2799999999999947e+00 1.6960000000000004e+01 3.2000000000000001e-01 3.2000000000000001e-01 3.2000000000000001e-01 64 65 64 207236142  
./read_bin_bhdisk -1.8559999999999995e+01 -6.3999999999999468e-01 8.4800000000000058e+00 1.6000000000000000e-01 1.6000000000000000e-01 1.6000000000000000e-01 64 65 64 112391518  
./read_bin_bhdisk -9.2799999999999940e+00 -3.1999999999999468e-01 4.2400000000000055e+00 8.0000000000000002e-02 8.0000000000000002e-02 8.0000000000000002e-02 64 65 64 82401710  
./read_bin_bhdisk -4.6399999999999944e+00 -1.5999999999999467e-01 2.1200000000000054e+00 4.0000000000000001e-02 4.0000000000000001e-02 4.0000000000000001e-02 64 65 64 71764931  
./read_bin_bhdisk -1.3199999999999947e+00 -7.9999999999994673e-02 5.6000000000000538e-01 2.0000000000000000e-02 2.0000000000000000e-02 2.0000000000000000e-02 39 40 39 41747416  
