./read_bin_bhdisk -4.6399999999999944e+00 2.1200000000000054e+00 2.1200000000000054e+00 4.0000000000000001e-02 4.0000000000000001e-02 4.0000000000000001e-02 64 64 64 72319256  
./read_bin_bhdisk -1.3199999999999947e+00 5.6000000000000538e-01 5.6000000000000538e-01 2.0000000000000000e-02 2.0000000000000000e-02 2.0000000000000000e-02 39 39 39 41809615  
./read_bin_bhdisk -6.5999999999999470e-01 2.8000000000000536e-01 2.8000000000000536e-01 1.0000000000000000e-02 1.0000000000000000e-02 1.0000000000000000e-02 39 39 39 40383556  
./read_bin_bhdisk -1.3824000000000001e+02 -2.5600000000000000e+02 -2.5600000000000000e+02 2.5600000000000001e+00 2.5600000000000001e+00 2.5600000000000001e+00 58 54 54 1049494860  
./read_bin_bhdisk -7.6799999999999997e+01 -1.4847999999999999e+02 -1.4847999999999999e+02 1.2800000000000000e+00 1.2800000000000000e+00 1.2800000000000000e+00 64 64 64 430837607  
./read_bin_bhdisk -3.8399999999999999e+01 -7.4239999999999995e+01 -7.4239999999999995e+01 6.4000000000000001e-01 6.4000000000000001e-01 6.4000000000000001e-01 64 64 64 190335613  
./read_bin_bhdisk -1.9199999999999996e+01 -3.7119999999999997e+01 -3.7119999999999997e+01 3.2000000000000001e-01 3.2000000000000001e-01 3.2000000000000001e-01 64 64 64 112911918  
./read_bin_bhdisk -9.5999999999999943e+00 -1.8559999999999995e+01 -1.8559999999999995e+01 1.6000000000000000e-01 1.6000000000000000e-01 1.6000000000000000e-01 64 64 64 84906896  
./read_bin_bhdisk -4.7999999999999945e+00 -9.2799999999999940e+00 -9.2799999999999940e+00 8.0000000000000002e-02 8.0000000000000002e-02 8.0000000000000002e-02 64 64 64 73581093  
./read_bin_bhdisk -2.3999999999999946e+00 -4.6399999999999944e+00 -4.6399999999999944e+00 4.0000000000000001e-02 4.0000000000000001e-02 4.0000000000000001e-02 64 64 64 68587367  
./read_bin_bhdisk -6.9999999999999474e-01 -1.3199999999999947e+00 -1.3199999999999947e+00 2.0000000000000000e-02 2.0000000000000000e-02 2.0000000000000000e-02 39 39 39 41189035  
./read_bin_bhdisk -3.4999999999999470e-01 -6.5999999999999470e-01 -6.5999999999999470e-01 1.0000000000000000e-02 1.0000000000000000e-02 1.0000000000000000e-02 39 39 39 40106529  
./read_bin_bhdisk -1.3824000000000001e+02 -2.5600000000000000e+02 -1.3824000000000001e+02 2.5600000000000001e+00 2.5600000000000001e+00 2.5600000000000001e+00 58 54 58 774261033  
./read_bin_bhdisk -7.6799999999999997e+01 -1.4847999999999999e+02 -7.6799999999999997e+01 1.2800000000000000e+00 1.2800000000000000e+00 1.2800000000000000e+00 64 64 64 341176557  
./read_bin_bhdisk -3.8399999999999999e+01 -7.4239999999999995e+01 -3.8399999999999999e+01 6.4000000000000001e-01 6.4000000000000001e-01 6.4000000000000001e-01 64 64 64 167748208  
./read_bin_bhdisk -1.9199999999999996e+01 -3.7119999999999997e+01 -1.9199999999999996e+01 3.2000000000000001e-01 3.2000000000000001e-01 3.2000000000000001e-01 64 64 64 107179461  
./read_bin_bhdisk -9.5999999999999943e+00 -1.8559999999999995e+01 -9.5999999999999943e+00 1.6000000000000000e-01 1.6000000000000000e-01 1.6000000000000000e-01 64 64 64 83431445  
