./read_bin_bhdisk -1.3199999999999947e+00 5.6000000000000538e-01 -6.9999999999999474e-01 2.0000000000000000e-02 2.0000000000000000e-02 2.0000000000000000e-02 39 39 39 41758402  
./read_bin_bhdisk -6.5999999999999470e-01 2.8000000000000536e-01 -3.4999999999999470e-01 1.0000000000000000e-02 1.0000000000000000e-02 1.0000000000000000e-02 39 39 39 40365745  
./read_bin_bhdisk -2.5600000000000000e+02 1.2032000000000001e+02 -1.0239999999999995e+01 2.5600000000000001e+00 2.5600000000000001e+00 2.5600000000000001e+00 54 54 59 720181803  
./read_bin_bhdisk -1.4847999999999999e+02 6.7840000000000003e+01 -5.1199999999999948e+00 1.2800000000000000e+00 1.2800000000000000e+00 1.2800000000000000e+00 64 64 65 1918507327  
./read_bin_bhdisk -7.4239999999999995e+01 3.3920000000000009e+01 -2.5599999999999947e+00 6.4000000000000001e-01 6.4000000000000001e-01 6.4000000000000001e-01 64 64 65 578976522  
./read_bin_bhdisk -3.7119999999999997e+01 1.6960000000000004e+01 -1.2799999999999947e+00 3.2000000000000001e-01 3.2000000000000001e-01 3.2000000000000001e-01 64 64 65 218807956  
./read_bin_bhdisk -1.8559999999999995e+01 8.4800000000000058e+00 -6.3999999999999468e-01 1.6000000000000000e-01 1.6000000000000000e-01 1.6000000000000000e-01 64 64 65 116122881  
./read_bin_bhdisk -9.2799999999999940e+00 4.2400000000000055e+00 -3.1999999999999468e-01 8.0000000000000002e-02 8.0000000000000002e-02 8.0000000000000002e-02 64 64 65 84130147  
./read_bin_bhdisk -4.6399999999999944e+00 2.1200000000000054e+00 -1.5999999999999467e-01 4.0000000000000001e-02 4.0000000000000001e-02 4.0000000000000001e-02 64 64 65 72971231  
./read_bin_bhdisk -1.3199999999999947e+00 5.6000000000000538e-01 -7.9999999999994673e-02 2.0000000000000000e-02 2.0000000000000000e-02 2.0000000000000000e-02 39 39 40 42775830  
./read_bin_bhdisk -6.5999999999999470e-01 2.8000000000000536e-01 -3.9999999999994672e-02 1.0000000000000000e-02 1.0000000000000000e-02 1.0000000000000000e-02 39 39 40 41372494  
./read_bin_bhdisk -2.5600000000000000e+02 1.2032000000000001e+02 1.2032000000000001e+02 2.5600000000000001e+00 2.5600000000000001e+00 2.5600000000000001e+00 54 54 54 1666555066  
./read_bin_bhdisk -1.4847999999999999e+02 6.7840000000000003e+01 6.7840000000000003e+01 1.2800000000000000e+00 1.2800000000000000e+00 1.2800000000000000e+00 64 64 64 -2046741577  
./read_bin_bhdisk -7.4239999999999995e+01 3.3920000000000009e+01 3.3920000000000009e+01 6.4000000000000001e-01 6.4000000000000001e-01 6.4000000000000001e-01 64 64 64 660853738  
./read_bin_bhdisk -3.7119999999999997e+01 1.6960000000000004e+01 1.6960000000000004e+01 3.2000000000000001e-01 3.2000000000000001e-01 3.2000000000000001e-01 64 64 64 238626534  
./read_bin_bhdisk -1.8559999999999995e+01 8.4800000000000058e+00 8.4800000000000058e+00 1.6000000000000000e-01 1.6000000000000000e-01 1.6000000000000000e-01 64 64 64 120377628  
./read_bin_bhdisk -9.2799999999999940e+00 4.2400000000000055e+00 4.2400000000000055e+00 8.0000000000000002e-02 8.0000000000000002e-02 8.0000000000000002e-02 64 64 64 84469351  
