./read_bin_bhdisk -1.2799999999999947e+00 -1.9199999999999996e+01 -3.7119999999999997e+01 3.2000000000000001e-01 3.2000000000000001e-01 3.2000000000000001e-01 65 64 64 195208675  
./read_bin_bhdisk -6.3999999999999468e-01 -9.5999999999999943e+00 -1.8559999999999995e+01 1.6000000000000000e-01 1.6000000000000000e-01 1.6000000000000000e-01 65 64 64 109944226  
./read_bin_bhdisk -3.1999999999999468e-01 -4.7999999999999945e+00 -9.2799999999999940e+00 8.0000000000000002e-02 8.0000000000000002e-02 8.0000000000000002e-02 65 64 64 82081416  
./read_bin_bhdisk -1.5999999999999467e-01 -2.3999999999999946e+00 -4.6399999999999944e+00 4.0000000000000001e-02 4.0000000000000001e-02 4.0000000000000001e-02 65 64 64 71842364  
./read_bin_bhdisk -7.9999999999994673e-02 -6.9999999999999474e-01 -1.3199999999999947e+00 2.0000000000000000e-02 2.0000000000000000e-02 2.0000000000000000e-02 40 39 39 41929931  
./read_bin_bhdisk -3.9999999999994672e-02 -3.4999999999999470e-01 -6.5999999999999470e-01 1.0000000000000000e-02 1.0000000000000000e-02 1.0000000000000000e-02 40 39 39 40467127  
./read_bin_bhdisk -1.0239999999999995e+01 -1.3824000000000001e+02 -1.3824000000000001e+02 2.5600000000000001e+00 2.5600000000000001e+00 2.5600000000000001e+00 59 58 58 -1681905086  
./read_bin_bhdisk -5.1199999999999948e+00 -7.6799999999999997e+01 -7.6799999999999997e+01 1.2800000000000000e+00 1.2800000000000000e+00 1.2800000000000000e+00 65 64 64 1444221521  
./read_bin_bhdisk -2.5599999999999947e+00 -3.8399999999999999e+01 -3.8399999999999999e+01 6.4000000000000001e-01 6.4000000000000001e-01 6.4000000000000001e-01 65 64 64 461305482  
./read_bin_bhdisk -1.2799999999999947e+00 -1.9199999999999996e+01 -1.9199999999999996e+01 3.2000000000000001e-01 3.2000000000000001e-01 3.2000000000000001e-01 65 64 64 189476218  
./read_bin_bhdisk -6.3999999999999468e-01 -9.5999999999999943e+00 -9.5999999999999943e+00 1.6000000000000000e-01 1.6000000000000000e-01 1.6000000000000000e-01 65 64 64 108468775  
./read_bin_bhdisk -3.1999999999999468e-01 -4.7999999999999945e+00 -4.7999999999999945e+00 8.0000000000000002e-02 8.0000000000000002e-02 8.0000000000000002e-02 65 64 64 81691850  
./read_bin_bhdisk -1.5999999999999467e-01 -2.3999999999999946e+00 -2.3999999999999946e+00 4.0000000000000001e-02 4.0000000000000001e-02 4.0000000000000001e-02 65 64 64 71735088  
./read_bin_bhdisk -7.9999999999994673e-02 -6.9999999999999474e-01 -6.9999999999999474e-01 2.0000000000000000e-02 2.0000000000000000e-02 2.0000000000000000e-02 40 39 39 41920145  
./read_bin_bhdisk -3.9999999999994672e-02 -3.4999999999999470e-01 -3.4999999999999470e-01 1.0000000000000000e-02 1.0000000000000000e-02 1.0000000000000000e-02 40 39 39 40464296  
./read_bin_bhdisk -1.0239999999999995e+01 -1.3824000000000001e+02 -1.0239999999999995e+01 2.5600000000000001e+00 2.5600000000000001e+00 2.5600000000000001e+00 59 58 59 -1281334272  
./read_bin_bhdisk -5.1199999999999948e+00 -7.6799999999999997e+01 -5.1199999999999948e+00 1.2800000000000000e+00 1.2800000000000000e+00 1.2800000000000000e+00 65 64 65 1568519542  
