./read_bin_bhdisk -3.4999999999999470e-01 -3.9999999999994672e-02 2.8000000000000536e-01 1.0000000000000000e-02 1.0000000000000000e-02 1.0000000000000000e-02 39 40 39 40135799  
./read_bin_bhdisk -1.3824000000000001e+02 1.2032000000000001e+02 -2.5600000000000000e+02 2.5600000000000001e+00 2.5600000000000001e+00 2.5600000000000001e+00 58 54 54 -1640014678  
./read_bin_bhdisk -7.6799999999999997e+01 6.7840000000000003e+01 -1.4847999999999999e+02 1.2800000000000000e+00 1.2800000000000000e+00 1.2800000000000000e+00 64 64 64 977234596  
./read_bin_bhdisk -3.8399999999999999e+01 3.3920000000000009e+01 -7.4239999999999995e+01 6.4000000000000001e-01 6.4000000000000001e-01 6.4000000000000001e-01 64 64 64 327567994  
./read_bin_bhdisk -1.9199999999999996e+01 1.6960000000000004e+01 -3.7119999999999997e+01 3.2000000000000001e-01 3.2000000000000001e-01 3.2000000000000001e-01 64 64 64 147542164  
./read_bin_bhdisk -9.5999999999999943e+00 8.4800000000000058e+00 -1.8559999999999995e+01 1.6000000000000000e-01 1.6000000000000000e-01 1.6000000000000000e-01 64 64 64 93731119  
./read_bin_bhdisk -4.7999999999999945e+00 4.2400000000000055e+00 -9.2799999999999940e+00 8.0000000000000002e-02 8.0000000000000002e-02 8.0000000000000002e-02 64 64 64 75876064  
./read_bin_bhdisk -2.3999999999999946e+00 2.1200000000000054e+00 -4.6399999999999944e+00 4.0000000000000001e-02 4.0000000000000001e-02 4.0000000000000001e-02 64 64 64 69211153  
./read_bin_bhdisk -6.9999999999999474e-01 5.6000000000000538e-01 -1.3199999999999947e+00 2.0000000000000000e-02 2.0000000000000000e-02 2.0000000000000000e-02 39 39 39 41273302  
./read_bin_bhdisk -3.4999999999999470e-01 2.8000000000000536e-01 -6.5999999999999470e-01 1.0000000000000000e-02 1.0000000000000000e-02 1.0000000000000000e-02 39 39 39 40144746  
./read_bin_bhdisk -1.3824000000000001e+02 1.2032000000000001e+02 -1.3824000000000001e+02 2.5600000000000001e+00 2.5600000000000001e+00 2.5600000000000001e+00 58 54 58 -1915248505  
./read_bin_bhdisk -7.6799999999999997e+01 6.7840000000000003e+01 -7.6799999999999997e+01 1.2800000000000000e+00 1.2800000000000000e+00 1.2800000000000000e+00 64 64 64 887573546  
./read_bin_bhdisk -3.8399999999999999e+01 3.3920000000000009e+01 -3.8399999999999999e+01 6.4000000000000001e-01 6.4000000000000001e-01 6.4000000000000001e-01 64 64 64 304980589  
./read_bin_bhdisk -1.9199999999999996e+01 1.6960000000000004e+01 -1.9199999999999996e+01 3.2000000000000001e-01 3.2000000000000001e-01 3.2000000000000001e-01 64 64 64 141809707  
./read_bin_bhdisk -9.5999999999999943e+00 8.4800000000000058e+00 -9.5999999999999943e+00 1.6000000000000000e-01 1.6000000000000000e-01 1.6000000000000000e-01 64 64 64 92255668  
./read_bin_bhdisk -4.7999999999999945e+00 4.2400000000000055e+00 -4.7999999999999945e+00 8.0000000000000002e-02 8.0000000000000002e-02 8.0000000000000002e-02 64 64 64 75486498  
./read_bin_bhdisk -2.3999999999999946e+00 2.1200000000000054e+00 -2.3999999999999946e+00 4.0000000000000001e-02 4.0000000000000001e-02 4.0000000000000001e-02 64 64 64 69103877  
