./read_bin_bhdisk -7.6799999999999997e+01 -5.1199999999999948e+00 -1.4847999999999999e+02 1.2800000000000000e+00 1.2800000000000000e+00 1.2800000000000000e+00 64 65 64 481532827  
./read_bin_bhdisk -3.8399999999999999e+01 -2.5599999999999947e+00 -7.4239999999999995e+01 6.4000000000000001e-01 6.4000000000000001e-01 6.4000000000000001e-01 64 65 64 203099652  
./read_bin_bhdisk -1.9199999999999996e+01 -1.2799999999999947e+00 -3.7119999999999997e+01 3.2000000000000001e-01 3.2000000000000001e-01 3.2000000000000001e-01 64 65 64 116151772  
./read_bin_bhdisk -9.5999999999999943e+00 -6.3999999999999468e-01 -1.8559999999999995e+01 1.6000000000000000e-01 1.6000000000000000e-01 1.6000000000000000e-01 64 65 64 85745009  
./read_bin_bhdisk -4.7999999999999945e+00 -3.1999999999999468e-01 -9.2799999999999940e+00 8.0000000000000002e-02 8.0000000000000002e-02 8.0000000000000002e-02 64 65 64 73808423  
./read_bin_bhdisk -2.3999999999999946e+00 -1.5999999999999467e-01 -4.6399999999999944e+00 4.0000000000000001e-02 4.0000000000000001e-02 4.0000000000000001e-02 64 65 64 68656828  
./read_bin_bhdisk -6.9999999999999474e-01 -7.9999999999994673e-02 -1.3199999999999947e+00 2.0000000000000000e-02 2.0000000000000000e-02 2.0000000000000000e-02 39 40 39 41211103  
./read_bin_bhdisk -3.4999999999999470e-01 -3.9999999999994672e-02 -6.5999999999999470e-01 1.0000000000000000e-02 1.0000000000000000e-02 1.0000000000000000e-02 39 40 39 40120819  
./read_bin_bhdisk -1.3824000000000001e+02 -1.0239999999999995e+01 -1.3824000000000001e+02 2.5600000000000001e+00 2.5600000000000001e+00 2.5600000000000001e+00 58 59 58 954964651  
./read_bin_bhdisk -7.6799999999999997e+01 -5.1199999999999948e+00 -7.6799999999999997e+01 1.2800000000000000e+00 1.2800000000000000e+00 1.2800000000000000e+00 64 65 64 391871777  
./read_bin_bhdisk -3.8399999999999999e+01 -2.5599999999999947e+00 -3.8399999999999999e+01 6.4000000000000001e-01 6.4000000000000001e-01 6.4000000000000001e-01 64 65 64 180512247  
./read_bin_bhdisk -1.9199999999999996e+01 -1.2799999999999947e+00 -1.9199999999999996e+01 3.2000000000000001e-01 3.2000000000000001e-01 3.2000000000000001e-01 64 65 64 110419315  
./read_bin_bhdisk -9.5999999999999943e+00 -6.3999999999999468e-01 -9.5999999999999943e+00 1.6000000000000000e-01 1.6000000000000000e-01 1.6000000000000000e-01 64 65 64 84269558  
./read_bin_bhdisk -4.7999999999999945e+00 -3.1999999999999468e-01 -4.7999999999999945e+00 8.0000000000000002e-02 8.0000000000000002e-02 8.0000000000000002e-02 64 65 64 73418857  
./read_bin_bhdisk -2.3999999999999946e+00 -1.5999999999999467e-01 -2.3999999999999946e+00 4.0000000000000001e-02 4.0000000000000001e-02 4.0000000000000001e-02 64 65 64 68549552  
./read_bin_bhdisk -6.9999999999999474e-01 -7.9999999999994673e-02 -6.9999999999999474e-01 2.0000000000000000e-02 2.0000000000000000e-02 2.0000000000000000e-02 39 40 39 41201317  
./read_bin_bhdisk -3.4999999999999470e-01 -3.9999999999994672e-02 -3.4999999999999470e-01 1.0000000000000000e-02 1.0000000000000000e-02 1.0000000000000000e-02 39 40 39 40117988  
