./read_bin_bhdisk -1.0239999999999995e+01 -1.0239999999999995e+01 -1.3824000000000001e+02 2.5600000000000001e+00 2.5600000000000001e+00 2.5600000000000001e+00 59 59 58 -1082064415  
./read_bin_bhdisk -5.1199999999999948e+00 -5.1199999999999948e+00 -7.6799999999999997e+01 1.2800000000000000e+00 1.2800000000000000e+00 1.2800000000000000e+00 65 65 64 1629851676  
./read_bin_bhdisk -2.5599999999999947e+00 -2.5599999999999947e+00 -3.8399999999999999e+01 6.4000000000000001e-01 6.4000000000000001e-01 6.4000000000000001e-01 65 65 64 508262141  
./read_bin_bhdisk -1.2799999999999947e+00 -1.2799999999999947e+00 -1.9199999999999996e+01 3.2000000000000001e-01 3.2000000000000001e-01 3.2000000000000001e-01 65 65 64 201491808  
./read_bin_bhdisk -6.3999999999999468e-01 -6.3999999999999468e-01 -9.5999999999999943e+00 1.6000000000000000e-01 1.6000000000000000e-01 1.6000000000000000e-01 65 65 64 111612750  
./read_bin_bhdisk -3.1999999999999468e-01 -3.1999999999999468e-01 -4.7999999999999945e+00 8.0000000000000002e-02 8.0000000000000002e-02 8.0000000000000002e-02 65 65 64 82549749  
./read_bin_bhdisk -1.5999999999999467e-01 -1.5999999999999467e-01 -2.3999999999999946e+00 4.0000000000000001e-02 4.0000000000000001e-02 4.0000000000000001e-02 65 65 64 71987380  
./read_bin_bhdisk -7.9999999999994673e-02 -7.9999999999994673e-02 -6.9999999999999474e-01 2.0000000000000000e-02 2.0000000000000000e-02 2.0000000000000000e-02 40 40 39 41959730  
./read_bin_bhdisk -3.9999999999994672e-02 -3.9999999999994672e-02 -3.4999999999999470e-01 1.0000000000000000e-02 1.0000000000000000e-02 1.0000000000000000e-02 40 40 39 40482707  
./read_bin_bhdisk -1.0239999999999995e+01 -1.0239999999999995e+01 -1.0239999999999995e+01 2.5600000000000001e+00 2.5600000000000001e+00 2.5600000000000001e+00 59 59 59 -681493601  
./read_bin_bhdisk -5.1199999999999948e+00 -5.1199999999999948e+00 -5.1199999999999948e+00 1.2800000000000000e+00 1.2800000000000000e+00 1.2800000000000000e+00 65 65 65 1754149697  
./read_bin_bhdisk -2.5599999999999947e+00 -2.5599999999999947e+00 -2.5599999999999947e+00 6.4000000000000001e-01 6.4000000000000001e-01 6.4000000000000001e-01 65 65 65 540253863  
./read_bin_bhdisk -1.2799999999999947e+00 -1.2799999999999947e+00 -1.2799999999999947e+00 3.2000000000000001e-01 3.2000000000000001e-01 3.2000000000000001e-01 65 65 65 210323813  
./read_bin_bhdisk -6.3999999999999468e-01 -6.3999999999999468e-01 -6.3999999999999468e-01 1.6000000000000000e-01 1.6000000000000000e-01 1.6000000000000000e-01 65 65 65 114613254  
./read_bin_bhdisk -3.1999999999999468e-01 -3.1999999999999468e-01 -3.1999999999999468e-01 8.0000000000000002e-02 8.0000000000000002e-02 8.0000000000000002e-02 65 65 65 84071592  
./read_bin_bhdisk -1.5999999999999467e-01 -1.5999999999999467e-01 -1.5999999999999467e-01 4.0000000000000001e-02 4.0000000000000001e-02 4.0000000000000001e-02 65 65 65 73129164  
./read_bin_bhdisk -7.9999999999994673e-02 -7.9999999999994673e-02 -7.9999999999994673e-02 2.0000000000000000e-02 2.0000000000000000e-02 2.0000000000000000e-02 40 40 40 42977158  
