./read_bin_bhdisk -7.9999999999994673e-02 5.6000000000000538e-01 -1.3199999999999947e+00 2.0000000000000000e-02 2.0000000000000000e-02 2.0000000000000000e-02 40 39 39 42031715  
./read_bin_bhdisk -3.9999999999994672e-02 2.8000000000000536e-01 -6.5999999999999470e-01 1.0000000000000000e-02 1.0000000000000000e-02 1.0000000000000000e-02 40 39 39 40509465  
./read_bin_bhdisk -1.0239999999999995e+01 1.2032000000000001e+02 -1.3824000000000001e+02 2.5600000000000001e+00 2.5600000000000001e+00 2.5600000000000001e+00 59 54 58 342689725  
./read_bin_bhdisk -5.1199999999999948e+00 6.7840000000000003e+01 -7.6799999999999997e+01 1.2800000000000000e+00 1.2800000000000000e+00 1.2800000000000000e+00 65 64 64 2125553445  
./read_bin_bhdisk -2.5599999999999947e+00 3.3920000000000009e+01 -3.8399999999999999e+01 6.4000000000000001e-01 6.4000000000000001e-01 6.4000000000000001e-01 65 64 64 632730483  
./read_bin_bhdisk -1.2799999999999947e+00 1.6960000000000004e+01 -1.9199999999999996e+01 3.2000000000000001e-01 3.2000000000000001e-01 3.2000000000000001e-01 65 64 64 232882200  
./read_bin_bhdisk -6.3999999999999468e-01 8.4800000000000058e+00 -9.5999999999999943e+00 1.6000000000000000e-01 1.6000000000000000e-01 1.6000000000000000e-01 65 64 64 119598860  
./read_bin_bhdisk -3.1999999999999468e-01 4.2400000000000055e+00 -4.7999999999999945e+00 8.0000000000000002e-02 8.0000000000000002e-02 8.0000000000000002e-02 65 64 64 84617390  
./read_bin_bhdisk -1.5999999999999467e-01 2.1200000000000054e+00 -2.3999999999999946e+00 4.0000000000000001e-02 4.0000000000000001e-02 4.0000000000000001e-02 65 64 64 72541705  
./read_bin_bhdisk -7.9999999999994673e-02 5.6000000000000538e-01 -6.9999999999999474e-01 2.0000000000000000e-02 2.0000000000000000e-02 2.0000000000000000e-02 40 39 39 42021929  
./read_bin_bhdisk -3.9999999999994672e-02 2.8000000000000536e-01 -3.4999999999999470e-01 1.0000000000000000e-02 1.0000000000000000e-02 1.0000000000000000e-02 40 39 39 40506634  
./read_bin_bhdisk -1.0239999999999995e+01 1.2032000000000001e+02 -1.0239999999999995e+01 2.5600000000000001e+00 2.5600000000000001e+00 2.5600000000000001e+00 59 54 59 743260539  
./read_bin_bhdisk -5.1199999999999948e+00 6.7840000000000003e+01 -5.1199999999999948e+00 1.2800000000000000e+00 1.2800000000000000e+00 1.2800000000000000e+00 65 64 65 -2045115830  
./read_bin_bhdisk -2.5599999999999947e+00 3.3920000000000009e+01 -2.5599999999999947e+00 6.4000000000000001e-01 6.4000000000000001e-01 6.4000000000000001e-01 65 64 65 664722205  
./read_bin_bhdisk -1.2799999999999947e+00 1.6960000000000004e+01 -1.2799999999999947e+00 3.2000000000000001e-01 3.2000000000000001e-01 3.2000000000000001e-01 65 64 65 241714205  
./read_bin_bhdisk -6.3999999999999468e-01 8.4800000000000058e+00 -6.3999999999999468e-01 1.6000000000000000e-01 1.6000000000000000e-01 1.6000000000000000e-01 65 64 65 122599364  
./read_bin_bhdisk -3.1999999999999468e-01 4.2400000000000055e+00 -3.1999999999999468e-01 8.0000000000000002e-02 8.0000000000000002e-02 8.0000000000000002e-02 65 64 65 86139233  
