./read_bin_bhdisk -1.9199999999999996e+01 -1.9199999999999996e+01 -3.7119999999999997e+01 3.2000000000000001e-01 3.2000000000000001e-01 3.2000000000000001e-01 64 64 64 104136182  
./read_bin_bhdisk -9.5999999999999943e+00 -9.5999999999999943e+00 -1.8559999999999995e+01 1.6000000000000000e-01 1.6000000000000000e-01 1.6000000000000000e-01 64 64 64 82601034  
./read_bin_bhdisk -4.7999999999999945e+00 -4.7999999999999945e+00 -9.2799999999999940e+00 8.0000000000000002e-02 8.0000000000000002e-02 8.0000000000000002e-02 64 64 64 72950524  
./read_bin_bhdisk -2.3999999999999946e+00 -2.3999999999999946e+00 -4.6399999999999944e+00 4.0000000000000001e-02 4.0000000000000001e-02 4.0000000000000001e-02 64 64 64 68404536  
./read_bin_bhdisk -6.9999999999999474e-01 -6.9999999999999474e-01 -1.3199999999999947e+00 2.0000000000000000e-02 2.0000000000000000e-02 2.0000000000000000e-02 39 39 39 41171518  
./read_bin_bhdisk -3.4999999999999470e-01 -3.4999999999999470e-01 -6.5999999999999470e-01 1.0000000000000000e-02 1.0000000000000000e-02 1.0000000000000000e-02 39 39 39 40102408  
./read_bin_bhdisk -1.3824000000000001e+02 -1.3824000000000001e+02 -1.3824000000000001e+02 2.5600000000000001e+00 2.5600000000000001e+00 2.5600000000000001e+00 58 58 58 355123980  
./read_bin_bhdisk -7.6799999999999997e+01 -7.6799999999999997e+01 -7.6799999999999997e+01 1.2800000000000000e+00 1.2800000000000000e+00 1.2800000000000000e+00 64 64 64 206241622  
./read_bin_bhdisk -3.8399999999999999e+01 -3.8399999999999999e+01 -3.8399999999999999e+01 6.4000000000000001e-01 6.4000000000000001e-01 6.4000000000000001e-01 64 64 64 133555588  
./read_bin_bhdisk -1.9199999999999996e+01 -1.9199999999999996e+01 -1.9199999999999996e+01 3.2000000000000001e-01 3.2000000000000001e-01 3.2000000000000001e-01 64 64 64 98403725  
./read_bin_bhdisk -9.5999999999999943e+00 -9.5999999999999943e+00 -9.5999999999999943e+00 1.6000000000000000e-01 1.6000000000000000e-01 1.6000000000000000e-01 64 64 64 81125583  
./read_bin_bhdisk -4.7999999999999945e+00 -4.7999999999999945e+00 -4.7999999999999945e+00 8.0000000000000002e-02 8.0000000000000002e-02 8.0000000000000002e-02 64 64 64 72560958  
./read_bin_bhdisk -2.3999999999999946e+00 -2.3999999999999946e+00 -2.3999999999999946e+00 4.0000000000000001e-02 4.0000000000000001e-02 4.0000000000000001e-02 64 64 64 68297260  
./read_bin_bhdisk -6.9999999999999474e-01 -6.9999999999999474e-01 -6.9999999999999474e-01 2.0000000000000000e-02 2.0000000000000000e-02 2.0000000000000000e-02 39 39 39 41161732  
./read_bin_bhdisk -3.4999999999999470e-01 -3.4999999999999470e-01 -3.4999999999999470e-01 1.0000000000000000e-02 1.0000000000000000e-02 1.0000000000000000e-02 39 39 39 40099577  
./read_bin_bhdisk -1.3824000000000001e+02 -1.3824000000000001e+02 -1.0239999999999995e+01 2.5600000000000001e+00 2.5600000000000001e+00 2.5600000000000001e+00 58 58 59 755694794  
./read_bin_bhdisk -7.6799999999999997e+01 -7.6799999999999997e+01 -5.1199999999999948e+00 1.2800000000000000e+00 1.2800000000000000e+00 1.2800000000000000e+00 64 64 65 330539643  
