./read_bin_bhdisk -3.7119999999999997e+01 -1.2799999999999947e+00 -1.9199999999999996e+01 3.2000000000000001e-01 3.2000000000000001e-01 3.2000000000000001e-01 64 65 64 178585559  
./read_bin_bhdisk -1.8559999999999995e+01 -6.3999999999999468e-01 -9.5999999999999943e+00 1.6000000000000000e-01 1.6000000000000000e-01 1.6000000000000000e-01 64 65 64 105136267  
./read_bin_bhdisk -9.2799999999999940e+00 -3.1999999999999468e-01 -4.7999999999999945e+00 8.0000000000000002e-02 8.0000000000000002e-02 8.0000000000000002e-02 64 65 64 80540663  
./read_bin_bhdisk -4.6399999999999944e+00 -1.5999999999999467e-01 -2.3999999999999946e+00 4.0000000000000001e-02 4.0000000000000001e-02 4.0000000000000001e-02 64 65 64 71275122  
./read_bin_bhdisk -1.3199999999999947e+00 -7.9999999999994673e-02 -6.9999999999999474e-01 2.0000000000000000e-02 2.0000000000000000e-02 2.0000000000000000e-02 39 40 39 41696203  
./read_bin_bhdisk -6.5999999999999470e-01 -3.9999999999994672e-02 -3.4999999999999470e-01 1.0000000000000000e-02 1.0000000000000000e-02 1.0000000000000000e-02 39 40 39 40341818  
./read_bin_bhdisk -2.5600000000000000e+02 -2.5600000000000000e+02 -2.5600000000000000e+02 2.5600000000000001e+00 2.5600000000000001e+00 2.5600000000000001e+00 54 54 54 -1010612942  
./read_bin_bhdisk -1.4847999999999999e+02 -1.4847999999999999e+02 -1.4847999999999999e+02 1.2800000000000000e+00 1.2800000000000000e+00 1.2800000000000000e+00 64 64 64 1337473367  
./read_bin_bhdisk -7.4239999999999995e+01 -7.4239999999999995e+01 -7.4239999999999995e+01 6.4000000000000001e-01 6.4000000000000001e-01 6.4000000000000001e-01 64 64 64 432339824  
./read_bin_bhdisk -3.7119999999999997e+01 -3.7119999999999997e+01 -3.7119999999999997e+01 3.2000000000000001e-01 3.2000000000000001e-01 3.2000000000000001e-01 64 64 64 181078162  
./read_bin_bhdisk -1.8559999999999995e+01 -1.8559999999999995e+01 -1.8559999999999995e+01 1.6000000000000000e-01 1.6000000000000000e-01 1.6000000000000000e-01 64 64 64 105773605  
./read_bin_bhdisk -9.2799999999999940e+00 -9.2799999999999940e+00 -9.2799999999999940e+00 8.0000000000000002e-02 8.0000000000000002e-02 8.0000000000000002e-02 64 64 64 80702899  
./read_bin_bhdisk -4.6399999999999944e+00 -4.6399999999999944e+00 -4.6399999999999944e+00 4.0000000000000001e-02 4.0000000000000001e-02 4.0000000000000001e-02 64 64 64 71312937  
./read_bin_bhdisk -1.3199999999999947e+00 -1.3199999999999947e+00 -1.3199999999999947e+00 2.0000000000000000e-02 2.0000000000000000e-02 2.0000000000000000e-02 39 39 39 41683921  
./read_bin_bhdisk -6.5999999999999470e-01 -6.5999999999999470e-01 -6.5999999999999470e-01 1.0000000000000000e-02 1.0000000000000000e-02 1.0000000000000000e-02 39 39 39 40330359  
