./read_bin_bhdisk -6.3999999999999468e-01 -1.8559999999999995e+01 -6.3999999999999468e-01 1.6000000000000000e-01 1.6000000000000000e-01 1.6000000000000000e-01 65 64 65 113775141  
./read_bin_bhdisk -3.1999999999999468e-01 -9.2799999999999940e+00 -3.1999999999999468e-01 8.0000000000000002e-02 8.0000000000000002e-02 8.0000000000000002e-02 65 64 65 83844262  
./read_bin_bhdisk -1.5999999999999467e-01 -4.6399999999999944e+00 -1.5999999999999467e-01 4.0000000000000001e-02 4.0000000000000001e-02 4.0000000000000001e-02 65 64 65 73059703  
./read_bin_bhdisk -7.9999999999994673e-02 -1.3199999999999947e+00 -7.9999999999994673e-02 2.0000000000000000e-02 2.0000000000000000e-02 2.0000000000000000e-02 40 39 40 42955090  
./read_bin_bhdisk -3.9999999999994672e-02 -6.5999999999999470e-01 -3.9999999999994672e-02 1.0000000000000000e-02 1.0000000000000000e-02 1.0000000000000000e-02 40 39 40 41475166  
./read_bin_bhdisk -1.0239999999999995e+01 -2.5600000000000000e+02 1.2032000000000001e+02 2.5600000000000001e+00 2.5600000000000001e+00 2.5600000000000001e+00 59 54 54 84176044  
./read_bin_bhdisk -5.1199999999999948e+00 -1.4847999999999999e+02 6.7840000000000003e+01 1.2800000000000000e+00 1.2800000000000000e+00 1.2800000000000000e+00 65 64 64 2033172869  
./read_bin_bhdisk -2.5599999999999947e+00 -7.4239999999999995e+01 3.3920000000000009e+01 6.4000000000000001e-01 6.4000000000000001e-01 6.4000000000000001e-01 65 64 64 609367040  
./read_bin_bhdisk -1.2799999999999947e+00 -3.7119999999999997e+01 1.6960000000000004e+01 3.2000000000000001e-01 3.2000000000000001e-01 3.2000000000000001e-01 65 64 64 226902537  
./read_bin_bhdisk -6.3999999999999468e-01 -1.8559999999999995e+01 8.4800000000000058e+00 1.6000000000000000e-01 1.6000000000000000e-01 1.6000000000000000e-01 65 64 64 118029888  
./read_bin_bhdisk -3.1999999999999468e-01 -9.2799999999999940e+00 4.2400000000000055e+00 8.0000000000000002e-02 8.0000000000000002e-02 8.0000000000000002e-02 65 64 64 84183466  
./read_bin_bhdisk -1.5999999999999467e-01 -4.6399999999999944e+00 2.1200000000000054e+00 4.0000000000000001e-02 4.0000000000000001e-02 4.0000000000000001e-02 65 64 64 72407728  
./read_bin_bhdisk -7.9999999999994673e-02 -1.3199999999999947e+00 5.6000000000000538e-01 2.0000000000000000e-02 2.0000000000000000e-02 2.0000000000000000e-02 40 39 39 41988875  
./read_bin_bhdisk -3.9999999999994672e-02 -6.5999999999999470e-01 2.8000000000000536e-01 1.0000000000000000e-02 1.0000000000000000e-02 1.0000000000000000e-02 40 39 39 40486228  
./read_bin_bhdisk -1.0239999999999995e+01 -1.3824000000000001e+02 -2.5600000000000000e+02 2.5600000000000001e+00 2.5600000000000001e+00 2.5600000000000001e+00 59 58 54 -1406671259  
./read_bin_bhdisk -5.1199999999999948e+00 -7.6799999999999997e+01 -1.4847999999999999e+02 1.2800000000000000e+00 1.2800000000000000e+00 1.2800000000000000e+00 65 64 64 1533882571  
./read_bin_bhdisk -2.5599999999999947e+00 -3.8399999999999999e+01 -7.4239999999999995e+01 6.4000000000000001e-01 6.4000000000000001e-01 6.4000000000000001e-01 65 64 64 483892887  
