./read_bin_bhdisk -4.7999999999999945e+00 -9.2799999999999940e+00 -4.7999999999999945e+00 8.0000000000000002e-02 8.0000000000000002e-02 8.0000000000000002e-02 64 64 64 73191527  
./read_bin_bhdisk -2.3999999999999946e+00 -4.6399999999999944e+00 -2.3999999999999946e+00 4.0000000000000001e-02 4.0000000000000001e-02 4.0000000000000001e-02 64 64 64 68480091  
./read_bin_bhdisk -6.9999999999999474e-01 -1.3199999999999947e+00 -6.9999999999999474e-01 2.0000000000000000e-02 2.0000000000000000e-02 2.0000000000000000e-02 39 39 39 41179249  
./read_bin_bhdisk -3.4999999999999470e-01 -6.5999999999999470e-01 -3.4999999999999470e-01 1.0000000000000000e-02 1.0000000000000000e-02 1.0000000000000000e-02 39 39 39 40103698  
./read_bin_bhdisk -1.3824000000000001e+02 -2.5600000000000000e+02 -1.0239999999999995e+01 2.5600000000000001e+00 2.5600000000000001e+00 2.5600000000000001e+00 58 54 59 1174831847  
./read_bin_bhdisk -7.6799999999999997e+01 -1.4847999999999999e+02 -5.1199999999999948e+00 1.2800000000000000e+00 1.2800000000000000e+00 1.2800000000000000e+00 64 64 65 465474578  
./read_bin_bhdisk -3.8399999999999999e+01 -7.4239999999999995e+01 -2.5599999999999947e+00 6.4000000000000001e-01 6.4000000000000001e-01 6.4000000000000001e-01 64 64 65 199739930  
./read_bin_bhdisk -1.9199999999999996e+01 -3.7119999999999997e+01 -1.2799999999999947e+00 3.2000000000000001e-01 3.2000000000000001e-01 3.2000000000000001e-01 64 64 65 116011466  
./read_bin_bhdisk -9.5999999999999943e+00 -1.8559999999999995e+01 -6.3999999999999468e-01 1.6000000000000000e-01 1.6000000000000000e-01 1.6000000000000000e-01 64 64 65 86431949  
./read_bin_bhdisk -4.7999999999999945e+00 -9.2799999999999940e+00 -3.1999999999999468e-01 8.0000000000000002e-02 8.0000000000000002e-02 8.0000000000000002e-02 64 64 65 74713370  
./read_bin_bhdisk -2.3999999999999946e+00 -4.6399999999999944e+00 -1.5999999999999467e-01 4.0000000000000001e-02 4.0000000000000001e-02 4.0000000000000001e-02 64 64 65 69621875  
./read_bin_bhdisk -6.9999999999999474e-01 -1.3199999999999947e+00 -7.9999999999994673e-02 2.0000000000000000e-02 2.0000000000000000e-02 2.0000000000000000e-02 39 39 40 42196677  
./read_bin_bhdisk -3.4999999999999470e-01 -6.5999999999999470e-01 -3.9999999999994672e-02 1.0000000000000000e-02 1.0000000000000000e-02 1.0000000000000000e-02 39 39 40 41110447  
./read_bin_bhdisk -1.3824000000000001e+02 -2.5600000000000000e+02 1.2032000000000001e+02 2.5600000000000001e+00 2.5600000000000001e+00 2.5600000000000001e+00 58 54 54 2121205110  
./read_bin_bhdisk -7.6799999999999997e+01 -1.4847999999999999e+02 6.7840000000000003e+01 1.2800000000000000e+00 1.2800000000000000e+00 1.2800000000000000e+00 64 64 64 795192970  
./read_bin_bhdisk -3.8399999999999999e+01 -7.4239999999999995e+01 3.3920000000000009e+01 6.4000000000000001e-01 6.4000000000000001e-01 6.4000000000000001e-01 64 64 64 281617146  
./read_bin_bhdisk -1.9199999999999996e+01 -3.7119999999999997e+01 1.6960000000000004e+01 3.2000000000000001e-01 3.2000000000000001e-01 3.2000000000000001e-01 64 64 64 135830044  
