   1.000000E+00   4.000000E+00   5.000000E+00
   1.000000E+00   4.000000E+00   6.000000E+00
   1.000000E+00   4.000000E+00   7.000000E+00
   1.000000E+00   4.000000E+00   8.000000E+00
   1.000000E+00   5.000000E+00   5.000000E+00
   1.000000E+00   5.000000E+00   6.000000E+00
   1.000000E+00   5.000000E+00   7.000000E+00
   1.000000E+00   5.000000E+00   8.000000E+00
   1.000000E+00   6.000000E+00   5.000000E+00
   1.000000E+00   6.000000E+00   6.000000E+00
   1.000000E+00   6.000000E+00   7.000000E+00
   1.000000E+00   6.000000E+00   8.000000E+00
   1.000000E+00   7.000000E+00   5.000000E+00
   1.000000E+00   7.000000E+00   6.000000E+00
   1.000000E+00   7.000000E+00   7.000000E+00
   1.000000E+00   7.000000E+00   8.000000E+00
