./read_bin_bhdisk -2.5599999999999947e+00 -3.8399999999999999e+01 -2.5599999999999947e+00 6.4000000000000001e-01 6.4000000000000001e-01 6.4000000000000001e-01 65 64 65 493297204  
./read_bin_bhdisk -1.2799999999999947e+00 -1.9199999999999996e+01 -1.2799999999999947e+00 3.2000000000000001e-01 3.2000000000000001e-01 3.2000000000000001e-01 65 64 65 198308223  
./read_bin_bhdisk -6.3999999999999468e-01 -9.5999999999999943e+00 -6.3999999999999468e-01 1.6000000000000000e-01 1.6000000000000000e-01 1.6000000000000000e-01 65 64 65 111469279  
./read_bin_bhdisk -3.1999999999999468e-01 -4.7999999999999945e+00 -3.1999999999999468e-01 8.0000000000000002e-02 8.0000000000000002e-02 8.0000000000000002e-02 65 64 65 83213693  
./read_bin_bhdisk -1.5999999999999467e-01 -2.3999999999999946e+00 -1.5999999999999467e-01 4.0000000000000001e-02 4.0000000000000001e-02 4.0000000000000001e-02 65 64 65 72876872  
./read_bin_bhdisk -7.9999999999994673e-02 -6.9999999999999474e-01 -7.9999999999994673e-02 2.0000000000000000e-02 2.0000000000000000e-02 2.0000000000000000e-02 40 39 40 42937573  
./read_bin_bhdisk -3.9999999999994672e-02 -3.4999999999999470e-01 -3.9999999999994672e-02 1.0000000000000000e-02 1.0000000000000000e-02 1.0000000000000000e-02 40 39 40 41471045  
./read_bin_bhdisk -1.0239999999999995e+01 -1.3824000000000001e+02 1.2032000000000001e+02 2.5600000000000001e+00 2.5600000000000001e+00 2.5600000000000001e+00 59 58 54 -334961009  
./read_bin_bhdisk -5.1199999999999948e+00 -7.6799999999999997e+01 6.7840000000000003e+01 1.2800000000000000e+00 1.2800000000000000e+00 1.2800000000000000e+00 65 64 64 1898237934  
./read_bin_bhdisk -2.5599999999999947e+00 -3.8399999999999999e+01 3.3920000000000009e+01 6.4000000000000001e-01 6.4000000000000001e-01 6.4000000000000001e-01 65 64 64 575174420  
./read_bin_bhdisk -1.2799999999999947e+00 -1.9199999999999996e+01 1.6960000000000004e+01 3.2000000000000001e-01 3.2000000000000001e-01 3.2000000000000001e-01 65 64 64 218126801  
./read_bin_bhdisk -6.3999999999999468e-01 -9.5999999999999943e+00 8.4800000000000058e+00 1.6000000000000000e-01 1.6000000000000000e-01 1.6000000000000000e-01 65 64 64 115724026  
./read_bin_bhdisk -3.1999999999999468e-01 -4.7999999999999945e+00 4.2400000000000055e+00 8.0000000000000002e-02 8.0000000000000002e-02 8.0000000000000002e-02 65 64 64 83552897  
./read_bin_bhdisk -1.5999999999999467e-01 -2.3999999999999946e+00 2.1200000000000054e+00 4.0000000000000001e-02 4.0000000000000001e-02 4.0000000000000001e-02 65 64 64 72224897  
./read_bin_bhdisk -7.9999999999994673e-02 -6.9999999999999474e-01 5.6000000000000538e-01 2.0000000000000000e-02 2.0000000000000000e-02 2.0000000000000000e-02 40 39 39 41971358  
./read_bin_bhdisk -3.9999999999994672e-02 -3.4999999999999470e-01 2.8000000000000536e-01 1.0000000000000000e-02 1.0000000000000000e-02 1.0000000000000000e-02 40 39 39 40482107  
./read_bin_bhdisk -2.5600000000000000e+02 -2.5600000000000000e+02 1.2032000000000001e+02 2.5600000000000001e+00 2.5600000000000001e+00 2.5600000000000001e+00 54 54 54 61097308  
