./read_bin_bhdisk 4.2400000000000055e+00 4.2400000000000055e+00 4.2400000000000055e+00 8.0000000000000002e-02 8.0000000000000002e-02 8.0000000000000002e-02 64 64 64 103221537  
./read_bin_bhdisk 2.1200000000000054e+00 2.1200000000000054e+00 2.1200000000000054e+00 4.0000000000000001e-02 4.0000000000000001e-02 4.0000000000000001e-02 64 64 64 78351965  
./read_bin_bhdisk 5.6000000000000538e-01 5.6000000000000538e-01 5.6000000000000538e-01 2.0000000000000000e-02 2.0000000000000000e-02 2.0000000000000000e-02 39 39 39 42957820  
./read_bin_bhdisk 2.8000000000000536e-01 2.8000000000000536e-01 2.8000000000000536e-01 1.0000000000000000e-02 1.0000000000000000e-02 1.0000000000000000e-02 39 39 39 40915282  
./read_bin_bhdisk -2.5600000000000000e+02 -1.3824000000000001e+02 -1.0239999999999995e+01 2.5600000000000001e+00 2.5600000000000001e+00 2.5600000000000001e+00 54 58 59 -1304413008  
./read_bin_bhdisk -1.4847999999999999e+02 -7.6799999999999997e+01 -5.1199999999999948e+00 1.2800000000000000e+00 1.2800000000000000e+00 1.2800000000000000e+00 64 64 65 1237175403  
./read_bin_bhdisk -7.4239999999999995e+01 -3.8399999999999999e+01 -2.5599999999999947e+00 6.4000000000000001e-01 6.4000000000000001e-01 6.4000000000000001e-01 64 64 65 407551521  
./read_bin_bhdisk -3.7119999999999997e+01 -1.9199999999999996e+01 -1.2799999999999947e+00 3.2000000000000001e-01 3.2000000000000001e-01 3.2000000000000001e-01 64 64 65 175401974  
./read_bin_bhdisk -1.8559999999999995e+01 -9.5999999999999943e+00 -6.3999999999999468e-01 1.6000000000000000e-01 1.6000000000000000e-01 1.6000000000000000e-01 64 64 65 104992796  
./read_bin_bhdisk -9.2799999999999940e+00 -4.7999999999999945e+00 -3.1999999999999468e-01 8.0000000000000002e-02 8.0000000000000002e-02 8.0000000000000002e-02 64 64 65 81204607  
./read_bin_bhdisk -4.6399999999999944e+00 -2.3999999999999946e+00 -1.5999999999999467e-01 4.0000000000000001e-02 4.0000000000000001e-02 4.0000000000000001e-02 64 64 65 72164614  
./read_bin_bhdisk -1.3199999999999947e+00 -6.9999999999999474e-01 -7.9999999999994673e-02 2.0000000000000000e-02 2.0000000000000000e-02 2.0000000000000000e-02 39 39 40 42674046  
./read_bin_bhdisk -6.5999999999999470e-01 -3.4999999999999470e-01 -3.9999999999994672e-02 1.0000000000000000e-02 1.0000000000000000e-02 1.0000000000000000e-02 39 39 40 41330156  
./read_bin_bhdisk -2.5600000000000000e+02 -1.3824000000000001e+02 1.2032000000000001e+02 2.5600000000000001e+00 2.5600000000000001e+00 2.5600000000000001e+00 54 58 54 -358039745  
./read_bin_bhdisk -1.4847999999999999e+02 -7.6799999999999997e+01 6.7840000000000003e+01 1.2800000000000000e+00 1.2800000000000000e+00 1.2800000000000000e+00 64 64 64 1566893795  
./read_bin_bhdisk -7.4239999999999995e+01 -3.8399999999999999e+01 3.3920000000000009e+01 6.4000000000000001e-01 6.4000000000000001e-01 6.4000000000000001e-01 64 64 64 489428737  
./read_bin_bhdisk -3.7119999999999997e+01 -1.9199999999999996e+01 1.6960000000000004e+01 3.2000000000000001e-01 3.2000000000000001e-01 3.2000000000000001e-01 64 64 64 195220552  
