./read_bin_bhdisk -1.8559999999999995e+01 -9.5999999999999943e+00 -1.8559999999999995e+01 1.6000000000000000e-01 1.6000000000000000e-01 1.6000000000000000e-01 64 64 64 103467743  
./read_bin_bhdisk -9.2799999999999940e+00 -4.7999999999999945e+00 -9.2799999999999940e+00 8.0000000000000002e-02 8.0000000000000002e-02 8.0000000000000002e-02 64 64 64 80072330  
./read_bin_bhdisk -4.6399999999999944e+00 -2.3999999999999946e+00 -4.6399999999999944e+00 4.0000000000000001e-02 4.0000000000000001e-02 4.0000000000000001e-02 64 64 64 71130106  
./read_bin_bhdisk -1.3199999999999947e+00 -6.9999999999999474e-01 -1.3199999999999947e+00 2.0000000000000000e-02 2.0000000000000000e-02 2.0000000000000000e-02 39 39 39 41666404  
./read_bin_bhdisk -6.5999999999999470e-01 -3.4999999999999470e-01 -6.5999999999999470e-01 1.0000000000000000e-02 1.0000000000000000e-02 1.0000000000000000e-02 39 39 39 40326238  
./read_bin_bhdisk 1.2032000000000001e+02 -2.5600000000000000e+02 -1.0239999999999995e+01 2.5600000000000001e+00 2.5600000000000001e+00 2.5600000000000001e+00 54 54 59 -744417885  
./read_bin_bhdisk 6.7840000000000003e+01 -1.4847999999999999e+02 -5.1199999999999948e+00 1.2800000000000000e+00 1.2800000000000000e+00 1.2800000000000000e+00 64 64 65 -1542360633  
./read_bin_bhdisk 3.3920000000000009e+01 -7.4239999999999995e+01 -2.5599999999999947e+00 6.4000000000000001e-01 6.4000000000000001e-01 6.4000000000000001e-01 64 64 65 1346934361  
./read_bin_bhdisk 1.6960000000000004e+01 -3.7119999999999997e+01 -1.2799999999999947e+00 3.2000000000000001e-01 3.2000000000000001e-01 3.2000000000000001e-01 64 64 65 420919829  
./read_bin_bhdisk 8.4800000000000058e+00 -1.8559999999999995e+01 -6.3999999999999468e-01 1.6000000000000000e-01 1.6000000000000000e-01 1.6000000000000000e-01 64 64 65 171728809  
./read_bin_bhdisk 4.2400000000000055e+00 -9.2799999999999940e+00 -3.1999999999999468e-01 8.0000000000000002e-02 8.0000000000000002e-02 8.0000000000000002e-02 64 64 65 100587362  
./read_bin_bhdisk 2.1200000000000054e+00 -4.6399999999999944e+00 -1.5999999999999467e-01 4.0000000000000001e-02 4.0000000000000001e-02 4.0000000000000001e-02 64 64 65 78380154  
./read_bin_bhdisk 5.6000000000000538e-01 -1.3199999999999947e+00 -7.9999999999994673e-02 2.0000000000000000e-02 2.0000000000000000e-02 2.0000000000000000e-02 39 39 40 43839768  
./read_bin_bhdisk 2.8000000000000536e-01 -6.5999999999999470e-01 -3.9999999999994672e-02 1.0000000000000000e-02 1.0000000000000000e-02 1.0000000000000000e-02 39 39 40 41866003  
./read_bin_bhdisk 1.2032000000000001e+02 -2.5600000000000000e+02 1.2032000000000001e+02 2.5600000000000001e+00 2.5600000000000001e+00 2.5600000000000001e+00 54 54 54 201955378  
./read_bin_bhdisk 6.7840000000000003e+01 -1.4847999999999999e+02 6.7840000000000003e+01 1.2800000000000000e+00 1.2800000000000000e+00 1.2800000000000000e+00 64 64 64 -1212642241  
./read_bin_bhdisk 3.3920000000000009e+01 -7.4239999999999995e+01 3.3920000000000009e+01 6.4000000000000001e-01 6.4000000000000001e-01 6.4000000000000001e-01 64 64 64 1428811577  
