./read_bin_bhdisk -1.3824000000000001e+02 -1.0239999999999995e+01 -1.0239999999999995e+01 2.5600000000000001e+00 2.5600000000000001e+00 2.5600000000000001e+00 58 59 59 1355535465  
./read_bin_bhdisk -7.6799999999999997e+01 -5.1199999999999948e+00 -5.1199999999999948e+00 1.2800000000000000e+00 1.2800000000000000e+00 1.2800000000000000e+00 64 65 65 516169798  
./read_bin_bhdisk -3.8399999999999999e+01 -2.5599999999999947e+00 -2.5599999999999947e+00 6.4000000000000001e-01 6.4000000000000001e-01 6.4000000000000001e-01 64 65 65 212503969  
./read_bin_bhdisk -1.9199999999999996e+01 -1.2799999999999947e+00 -1.2799999999999947e+00 3.2000000000000001e-01 3.2000000000000001e-01 3.2000000000000001e-01 64 65 65 119251320  
./read_bin_bhdisk -9.5999999999999943e+00 -6.3999999999999468e-01 -6.3999999999999468e-01 1.6000000000000000e-01 1.6000000000000000e-01 1.6000000000000000e-01 64 65 65 87270062  
./read_bin_bhdisk -4.7999999999999945e+00 -3.1999999999999468e-01 -3.1999999999999468e-01 8.0000000000000002e-02 8.0000000000000002e-02 8.0000000000000002e-02 64 65 65 74940700  
./read_bin_bhdisk -2.3999999999999946e+00 -1.5999999999999467e-01 -1.5999999999999467e-01 4.0000000000000001e-02 4.0000000000000001e-02 4.0000000000000001e-02 64 65 65 69691336  
./read_bin_bhdisk -6.9999999999999474e-01 -7.9999999999994673e-02 -7.9999999999994673e-02 2.0000000000000000e-02 2.0000000000000000e-02 2.0000000000000000e-02 39 40 40 42218745  
./read_bin_bhdisk -3.4999999999999470e-01 -3.9999999999994672e-02 -3.9999999999994672e-02 1.0000000000000000e-02 1.0000000000000000e-02 1.0000000000000000e-02 39 40 40 41124737  
./read_bin_bhdisk -1.3824000000000001e+02 -1.0239999999999995e+01 1.2032000000000001e+02 2.5600000000000001e+00 2.5600000000000001e+00 2.5600000000000001e+00 58 59 54 -1993058568  
./read_bin_bhdisk -7.6799999999999997e+01 -5.1199999999999948e+00 6.7840000000000003e+01 1.2800000000000000e+00 1.2800000000000000e+00 1.2800000000000000e+00 64 65 64 845888190  
./read_bin_bhdisk -3.8399999999999999e+01 -2.5599999999999947e+00 3.3920000000000009e+01 6.4000000000000001e-01 6.4000000000000001e-01 6.4000000000000001e-01 64 65 64 294381185  
./read_bin_bhdisk -1.9199999999999996e+01 -1.2799999999999947e+00 1.6960000000000004e+01 3.2000000000000001e-01 3.2000000000000001e-01 3.2000000000000001e-01 64 65 64 139069898  
./read_bin_bhdisk -9.5999999999999943e+00 -6.3999999999999468e-01 8.4800000000000058e+00 1.6000000000000000e-01 1.6000000000000000e-01 1.6000000000000000e-01 64 65 64 91524809  
./read_bin_bhdisk -4.7999999999999945e+00 -3.1999999999999468e-01 4.2400000000000055e+00 8.0000000000000002e-02 8.0000000000000002e-02 8.0000000000000002e-02 64 65 64 75279904  
./read_bin_bhdisk -2.3999999999999946e+00 -1.5999999999999467e-01 2.1200000000000054e+00 4.0000000000000001e-02 4.0000000000000001e-02 4.0000000000000001e-02 64 65 64 69039361  
./read_bin_bhdisk -6.9999999999999474e-01 -7.9999999999994673e-02 5.6000000000000538e-01 2.0000000000000000e-02 2.0000000000000000e-02 2.0000000000000000e-02 39 40 39 41252530  
