./read_bin_bhdisk -3.1999999999999468e-01 -9.2799999999999940e+00 -9.2799999999999940e+00 8.0000000000000002e-02 8.0000000000000002e-02 8.0000000000000002e-02 65 64 64 82711985  
./read_bin_bhdisk -1.5999999999999467e-01 -4.6399999999999944e+00 -4.6399999999999944e+00 4.0000000000000001e-02 4.0000000000000001e-02 4.0000000000000001e-02 65 64 64 72025195  
./read_bin_bhdisk -7.9999999999994673e-02 -1.3199999999999947e+00 -1.3199999999999947e+00 2.0000000000000000e-02 2.0000000000000000e-02 2.0000000000000000e-02 40 39 39 41947448  
./read_bin_bhdisk -3.9999999999994672e-02 -6.5999999999999470e-01 -6.5999999999999470e-01 1.0000000000000000e-02 1.0000000000000000e-02 1.0000000000000000e-02 40 39 39 40471248  
./read_bin_bhdisk -1.0239999999999995e+01 -2.5600000000000000e+02 -1.3824000000000001e+02 2.5600000000000001e+00 2.5600000000000001e+00 2.5600000000000001e+00 59 54 58 -1262768033  
./read_bin_bhdisk -5.1199999999999948e+00 -1.4847999999999999e+02 -7.6799999999999997e+01 1.2800000000000000e+00 1.2800000000000000e+00 1.2800000000000000e+00 65 64 64 1579156456  
./read_bin_bhdisk -2.5599999999999947e+00 -7.4239999999999995e+01 -3.8399999999999999e+01 6.4000000000000001e-01 6.4000000000000001e-01 6.4000000000000001e-01 65 64 64 495498102  
./read_bin_bhdisk -1.2799999999999947e+00 -3.7119999999999997e+01 -1.9199999999999996e+01 3.2000000000000001e-01 3.2000000000000001e-01 3.2000000000000001e-01 65 64 64 198251954  
./read_bin_bhdisk -6.3999999999999468e-01 -1.8559999999999995e+01 -9.5999999999999943e+00 1.6000000000000000e-01 1.6000000000000000e-01 1.6000000000000000e-01 65 64 64 110774637  
./read_bin_bhdisk -3.1999999999999468e-01 -9.2799999999999940e+00 -4.7999999999999945e+00 8.0000000000000002e-02 8.0000000000000002e-02 8.0000000000000002e-02 65 64 64 82322419  
./read_bin_bhdisk -1.5999999999999467e-01 -4.6399999999999944e+00 -2.3999999999999946e+00 4.0000000000000001e-02 4.0000000000000001e-02 4.0000000000000001e-02 65 64 64 71917919  
./read_bin_bhdisk -7.9999999999994673e-02 -1.3199999999999947e+00 -6.9999999999999474e-01 2.0000000000000000e-02 2.0000000000000000e-02 2.0000000000000000e-02 40 39 39 41937662  
./read_bin_bhdisk -3.9999999999994672e-02 -6.5999999999999470e-01 -3.4999999999999470e-01 1.0000000000000000e-02 1.0000000000000000e-02 1.0000000000000000e-02 40 39 39 40468417  
./read_bin_bhdisk -1.0239999999999995e+01 -2.5600000000000000e+02 -1.0239999999999995e+01 2.5600000000000001e+00 2.5600000000000001e+00 2.5600000000000001e+00 59 54 59 -862197219  
./read_bin_bhdisk -5.1199999999999948e+00 -1.4847999999999999e+02 -5.1199999999999948e+00 1.2800000000000000e+00 1.2800000000000000e+00 1.2800000000000000e+00 65 64 65 1703454477  
./read_bin_bhdisk -2.5599999999999947e+00 -7.4239999999999995e+01 -2.5599999999999947e+00 6.4000000000000001e-01 6.4000000000000001e-01 6.4000000000000001e-01 65 64 65 527489824  
./read_bin_bhdisk -1.2799999999999947e+00 -3.7119999999999997e+01 -1.2799999999999947e+00 3.2000000000000001e-01 3.2000000000000001e-01 3.2000000000000001e-01 65 64 65 207083959  
