./read_bin_bhdisk -1.5999999999999467e-01 2.1200000000000054e+00 -1.5999999999999467e-01 4.0000000000000001e-02 4.0000000000000001e-02 4.0000000000000001e-02 65 64 65 73683489  
./read_bin_bhdisk -7.9999999999994673e-02 5.6000000000000538e-01 -7.9999999999994673e-02 2.0000000000000000e-02 2.0000000000000000e-02 2.0000000000000000e-02 40 39 40 43039357  
./read_bin_bhdisk -3.9999999999994672e-02 2.8000000000000536e-01 -3.9999999999994672e-02 1.0000000000000000e-02 1.0000000000000000e-02 1.0000000000000000e-02 40 39 40 41513383  
./read_bin_bhdisk -1.0239999999999995e+01 1.2032000000000001e+02 1.2032000000000001e+02 2.5600000000000001e+00 2.5600000000000001e+00 2.5600000000000001e+00 59 54 54 1689633802  
./read_bin_bhdisk -5.1199999999999948e+00 6.7840000000000003e+01 6.7840000000000003e+01 1.2800000000000000e+00 1.2800000000000000e+00 1.2800000000000000e+00 65 64 64 -1715397438  
./read_bin_bhdisk -2.5599999999999947e+00 3.3920000000000009e+01 3.3920000000000009e+01 6.4000000000000001e-01 6.4000000000000001e-01 6.4000000000000001e-01 65 64 64 746599421  
./read_bin_bhdisk -1.2799999999999947e+00 1.6960000000000004e+01 1.6960000000000004e+01 3.2000000000000001e-01 3.2000000000000001e-01 3.2000000000000001e-01 65 64 64 261532783  
./read_bin_bhdisk -6.3999999999999468e-01 8.4800000000000058e+00 8.4800000000000058e+00 1.6000000000000000e-01 1.6000000000000000e-01 1.6000000000000000e-01 65 64 64 126854111  
./read_bin_bhdisk -3.1999999999999468e-01 4.2400000000000055e+00 4.2400000000000055e+00 8.0000000000000002e-02 8.0000000000000002e-02 8.0000000000000002e-02 65 64 64 86478437  
./read_bin_bhdisk -1.5999999999999467e-01 2.1200000000000054e+00 2.1200000000000054e+00 4.0000000000000001e-02 4.0000000000000001e-02 4.0000000000000001e-02 65 64 64 73031514  
./read_bin_bhdisk -7.9999999999994673e-02 5.6000000000000538e-01 5.6000000000000538e-01 2.0000000000000000e-02 2.0000000000000000e-02 2.0000000000000000e-02 40 39 39 42073142  
./read_bin_bhdisk -3.9999999999994672e-02 2.8000000000000536e-01 2.8000000000000536e-01 1.0000000000000000e-02 1.0000000000000000e-02 1.0000000000000000e-02 40 39 39 40524445  
./read_bin_bhdisk 1.2032000000000001e+02 -2.5600000000000000e+02 -2.5600000000000000e+02 2.5600000000000001e+00 2.5600000000000001e+00 2.5600000000000001e+00 54 54 54 -869754872  
./read_bin_bhdisk 6.7840000000000003e+01 -1.4847999999999999e+02 -1.4847999999999999e+02 1.2800000000000000e+00 1.2800000000000000e+00 1.2800000000000000e+00 64 64 64 -1576997604  
./read_bin_bhdisk 3.3920000000000009e+01 -7.4239999999999995e+01 -7.4239999999999995e+01 6.4000000000000001e-01 6.4000000000000001e-01 6.4000000000000001e-01 64 64 64 1337530044  
./read_bin_bhdisk 1.6960000000000004e+01 -3.7119999999999997e+01 -3.7119999999999997e+01 3.2000000000000001e-01 3.2000000000000001e-01 3.2000000000000001e-01 64 64 64 417820281  
./read_bin_bhdisk 8.4800000000000058e+00 -1.8559999999999995e+01 -1.8559999999999995e+01 1.6000000000000000e-01 1.6000000000000000e-01 1.6000000000000000e-01 64 64 64 170203756  
