./read_bin_bhdisk 2.1200000000000054e+00 2.1200000000000054e+00 -2.3999999999999946e+00 4.0000000000000001e-02 4.0000000000000001e-02 4.0000000000000001e-02 64 64 64 77862156  
./read_bin_bhdisk 5.6000000000000538e-01 5.6000000000000538e-01 -6.9999999999999474e-01 2.0000000000000000e-02 2.0000000000000000e-02 2.0000000000000000e-02 39 39 39 42906607  
./read_bin_bhdisk 2.8000000000000536e-01 2.8000000000000536e-01 -3.4999999999999470e-01 1.0000000000000000e-02 1.0000000000000000e-02 1.0000000000000000e-02 39 39 39 40897471  
./read_bin_bhdisk 1.2032000000000001e+02 1.2032000000000001e+02 -1.0239999999999995e+01 2.5600000000000001e+00 2.5600000000000001e+00 2.5600000000000001e+00 54 54 59 861039873  
./read_bin_bhdisk 6.7840000000000003e+01 6.7840000000000003e+01 -5.1199999999999948e+00 1.2800000000000000e+00 1.2800000000000000e+00 1.2800000000000000e+00 64 64 65 -995963644  
./read_bin_bhdisk 3.3920000000000009e+01 3.3920000000000009e+01 -2.5599999999999947e+00 6.4000000000000001e-01 6.4000000000000001e-01 6.4000000000000001e-01 64 64 65 1484166742  
./read_bin_bhdisk 1.6960000000000004e+01 1.6960000000000004e+01 -1.2799999999999947e+00 3.2000000000000001e-01 3.2000000000000001e-01 3.2000000000000001e-01 64 64 65 455550075  
./read_bin_bhdisk 8.4800000000000058e+00 8.4800000000000058e+00 -6.3999999999999468e-01 1.6000000000000000e-01 1.6000000000000000e-01 1.6000000000000000e-01 64 64 65 180553032  
./read_bin_bhdisk 4.2400000000000055e+00 4.2400000000000055e+00 -3.1999999999999468e-01 8.0000000000000002e-02 8.0000000000000002e-02 8.0000000000000002e-02 64 64 65 102882333  
./read_bin_bhdisk 2.1200000000000054e+00 2.1200000000000054e+00 -1.5999999999999467e-01 4.0000000000000001e-02 4.0000000000000001e-02 4.0000000000000001e-02 64 64 65 79003940  
./read_bin_bhdisk 5.6000000000000538e-01 5.6000000000000538e-01 -7.9999999999994673e-02 2.0000000000000000e-02 2.0000000000000000e-02 2.0000000000000000e-02 39 39 40 43924035  
./read_bin_bhdisk 2.8000000000000536e-01 2.8000000000000536e-01 -3.9999999999994672e-02 1.0000000000000000e-02 1.0000000000000000e-02 1.0000000000000000e-02 39 39 40 41904220  
./read_bin_bhdisk 1.2032000000000001e+02 1.2032000000000001e+02 1.2032000000000001e+02 2.5600000000000001e+00 2.5600000000000001e+00 2.5600000000000001e+00 54 54 54 1807413136  
./read_bin_bhdisk 6.7840000000000003e+01 6.7840000000000003e+01 6.7840000000000003e+01 1.2800000000000000e+00 1.2800000000000000e+00 1.2800000000000000e+00 64 64 64 -666245252  
./read_bin_bhdisk 3.3920000000000009e+01 3.3920000000000009e+01 3.3920000000000009e+01 6.4000000000000001e-01 6.4000000000000001e-01 6.4000000000000001e-01 64 64 64 1566043958  
./read_bin_bhdisk 1.6960000000000004e+01 1.6960000000000004e+01 1.6960000000000004e+01 3.2000000000000001e-01 3.2000000000000001e-01 3.2000000000000001e-01 64 64 64 475368653  
./read_bin_bhdisk 8.4800000000000058e+00 8.4800000000000058e+00 8.4800000000000058e+00 1.6000000000000000e-01 1.6000000000000000e-01 1.6000000000000000e-01 64 64 64 184807779  
