   6.480741E+00   6.895746E-01   1.325818E+00
   7.280110E+00   6.020729E-01   1.325818E+00
   8.124038E+00   5.323032E-01   1.325818E+00
   9.000000E+00   4.758822E-01   1.325818E+00
   7.141428E+00   7.952027E-01   1.373401E+00
   7.874008E+00   7.043992E-01   1.373401E+00
   8.660254E+00   6.295537E-01   1.373401E+00
   9.486833E+00   5.674505E-01   1.373401E+00
   7.874008E+00   8.827870E-01   1.405648E+00
   8.544004E+00   7.922477E-01   1.405648E+00
   9.273618E+00   7.154023E-01   1.405648E+00
   1.004988E+01   6.500893E-01   1.405648E+00
   8.660254E+00   9.553166E-01   1.428899E+00
   9.273618E+00   8.671574E-01   1.428899E+00
   9.949874E+00   7.904488E-01   1.428899E+00
   1.067708E+01   7.238393E-01   1.428899E+00
